166
892
391
478
99
854
872
643
3
717
946
68
761
72
509
18
410
61
383
357
516
190
875
578
491
513
843
834
882
159
331
900
503
808
111
424
680
637
589
98
699
627
148
299
189
984
656
338
394
712
931
450
135
588
364
939
660
501
301
113
533
741
824
526
744
901
799
689
464
911
974
365
108
102
48
292
452
344
827
252
9
710
608
261
377
223
671
387
423
850
903
277
445
987
748
909
505
769
591
915
315
67
618
534
201
455
69
290
725
21
392
417
977
649
386
614
332
385
670
511
379
795
605
702
318
529
104
632
942
81
149
172
407
169
236
519
155
736
199
737
443
568
295
789
453
611
75
756
954
57
963
630
239
142
279
42
682
131
888
54
471
855
730
983
41
579
183
349
309
147
617
739
951
409
36
531
165
926
547
705
270
30
58
600
330
136
972
47
945
487
846
514
376
272
919
134
346
999
813
916
894
321
161
294
669
363
226
492
997
695
641
603
750
658
646
610
524
845
793
883
227
694
218
697
421
781
634
924
975
990
280
563
422
724
721
87
353
681
293
609
112
203
606
723
642
340
343
870
718
240
345
150
636
862
602
995
56
381
352
822
722
174
715
763
698
404
986
549
302
6
374
613
26
930
590
663
707
685
837
906
221
359
438
848
982
197
493
729
775
446
234
80
826
35
780
779
348
431
204
126
468
657
957
565
70
412
66
449
275
961
246
922
118
944
84
858
214
38
709
662
127
584
395
434
914
336
143
548
62
316
842
130
622
442
51
956
90
19
31
483
654
413
176
778
451
876
444
755
255
818
109
599
985
557
904
499
582
456
871
700
860
2
429
978
525
803
350
206
716
389
692
262
555
805
960
373
844
55
889
93
97
495
952
229
530
128
556
559
856
735
562
550
966
441
322
865
137
64
187
902
276
528
312
655
184
879
489
929
101
163
333
913
160
314
406
566
733
192
342
728
129
577
313
947
667
976
298
823
463
403
494
416
396
140
419
965
65
791
400
753
558
34
215
639
683
496
454
993
953
897
304
796
782
154
624
317
713
798
107
831
257
490
684
784
29
151
282
465
546
237
244
587
920
580
398
787
435
874
621
249
551
691
77
254
766
774
241
274
380
448
596
731
458
934
217
175
291
676
847
399
645
770
535
857
219
869
853
224
788
327
859
269
78
783
124
523
885
355
927
998
877
171
216
992
476
46
305
545
959
714
764
481
139
439
502
910
886
170
816
208
620
734
881
640
433
232
339
673
678
482
297
864
917
752
996
460
815
157
211
659
701
949
651
243
251
619
664
625
384
838
405
693
474
110
828
94
230
485
564
285
832
370
7
937
268
32
13
595
145
486
253
401
178
181
653
308
923
256
457
679
162
193
746
307
576
994
594
878
153
777
925
278
758
797
740
447
964
362
122
802
238
195
765
200
941
759
840
497
880
569
553
512
49
633
286
962
1000
324
296
231
347
581
360
708
912
369
950
665
969
185
418
59
86
259
477
428
5
119
809
757
106
402
76
686
367
470
103
141
194
20
760
895
967
121
281
536
393
829
152
833
91
115
245
82
138
209
411
554
893
263
690
804
83
820
896
378
792
45
732
11
738
585
100
265
839
191
480
156
668
907
675
53
95
644
105
43
366
812
303
28
306
71
776
168
390
10
37
328
266
790
372
17
918
96
289
335
786
300
852
44
146
212
461
601
341
849
27
688
800
908
518
819
60
63
220
567
648
771
85
817
188
971
540
74
116
891
935
938
597
635
980
311
356
498
958
432
319
887
382
117
814
506
650
337
427
420
22
473
973
510
133
132
773
408
173
807
267
836
527
288
586
570
258
440
23
488
264
612
167
666
768
830
873
955
466
543
287
751
39
79
867
810
940
762
743
186
182
898
970
988
325
4
575
508
233
284
538
943
767
273
711
472
574
242
615
73
351
542
841
561
1
532
825
537
114
507
283
861
745
573
375
484
40
177
928
329
754
358
821
905
205
520
638
522
123
742
604
989
899
598
196
323
794
88
12
326
368
806
517
948
706
15
607
334
626
202
222
933
180
24
213
652
228
260
354
785
661
703
361
704
164
247
271
539
14
158
415
921
968
479
647
552
388
884
125
631
592
628
462
475
371
544
981
179
593
560
677
50
33
8
430
991
310
25
248
235
672
932
144
210
866
521
726
92
863
801
397
868
469
426
467
459
747
890
436
207
504
727
500
749
629
198
16
120
720
572
674
687
52
571
225
616
851
696
541
623
250
835
811
437
979
89
320
719
414
425
936
772
515
583
